0.8264
0.8217
0.5397
0.5741
0.6417
0.6978
0.7729
0.7993
0.7116
0.7767
0.7529
0.7175
0.8432
0.8237
0.5469
0.5641
0.6237
0.6826
0.7386
0.7558
0.749
0.7525
0.6772
0.6873
0.8254
0.808
0.5572
0.5737
0.615
0.6736
0.7257
0.7277
0.739
0.7449
0.7334
0.7016
0.517
0.7017
0.7047
0.479
0.503
0.555
0.5891
0.6453
0.6556
0.5986
0.6392
0.6076
0.6021
0.7214
0.7086
0.4877
0.5041
0.5457
0.5912
0.6309
0.6468
0.6326
0.6592
0.5743
0.5924
0.7088
0.6977
0.497
0.5086
0.5429
0.5887
0.6229
0.6245
0.6315
0.6301
0.6125
0.5816
0.9575
0.9547
0.6039
0.6355
0.7377
0.7956
0.8978
0.9332
0.8695
0.8955
0.8565
0.8172
0.9822
0.943
0.6061
0.6299
0.7114
0.7775
0.8602
0.8795
0.883
0.8642
0.8002
0.7791
0.9525
0.9354
0.6343
0.6509
0.7022
0.7775
0.8458
0.849
0.8645
0.8766
0.8483
0.8045
1.0965
1.0903
0.6652
0.7058
0.8313
0.8911
1.0153
1.055
1.0146
1.0186
0.9728
0.9316
1.1252
1.081
0.6755
0.701
0.8025
0.8826
0.9819
0.9982
1.0206
0.9849
0.9214
0.9077
1.0893
1.0707
0.7026
0.7301
0.7881
0.8774
0.966
0.9718
0.9951
1.0008
0.9664
0.9131
1.2352
1.2278
0.7286
0.7846
0.9147
0.9848
1.1271
1.1696
1.1533
1.142
1.0987
1.0632
1.2671
1.2306
0.7424
0.7785
0.8926
0.9912
1.0953
1.1204
1.149
1.1151
1.0641
1.048
1.2304
1.2144
0.774
0.8088
0.8807
0.9864
1.0894
1.1
1.1338
1.1232
1.087
1.0421
1.3945
1.3678
0.8259
0.8663
1.0018
1.0874
1.2528
1.2957
1.2964
1.2784
1.234
1.2061
1.4098
1.3641
0.8154
0.8599
0.9826
1.1076
1.2136
1.2538
1.266
1.2613
1.2179
1.1905
1.373
1.3647
0.8509
0.8846
0.9826
1.1068
1.2315
1.244
1.2697
1.2642
1.2214
1.1778
1.5541
1.546
0.8642
0.9555
1.0961
1.2019
1.384
1.4376
1.442
1.428
1.3824
1.3499
1.5584
1.509
0.8833
0.948
1.0807
1.2257
1.3408
1.3971
1.3954
1.4131
1.3719
1.3364
1.5223
1.5077
0.9399
0.9621
1.0813
1.2246
1.3927
1.379
1.4165
1.4088
1.3653
1.3237
