123.5606
155.2374
266.6301
204.6057
285.9838
324.8656
388.2894
425.268
370.6303
418.8402
572.9461
808.877
646.898
118.2136
149.6281
177.4555
186.1541
206.8199
256.5283
557.29
488.2107
466.72
525.2035
508.4556
553.1886
734.942
143.2939
150.4549
159.9419
174.7361
335.0787
351.7693
466.591
503.1955
624.2298
801.4524
814.5495
786.7184
1106.022
91.84129
141.6115
193.9812
149.9873
180.4532
188.0394
315.5644
227.1982
249.4156
329.6737
455.9059
509.3934
512.9786
164.3495
225.6434
294.4192
353.297
370.6074
437.7587
512.4153
630.5678
598
509.49
709.0089
862.7646
906.6651
147.8925
112.88
267.3391
269.9846
315.4925
340.3387
378.638
537.2564
633.9351
672.4061
817.7035
826.8112
1027.09
98.63018
99.31335
122.0603
147.6471
224.8361
263.5447
529.5656
539.4207
530
535.8558
457.7474
709.7876
1053.319
74.28286
91.63037
71.68134
85.95138
104.7093
144.1994
188.0178
152.1706
128.131
188.9231
142.0486
203.9577
291.4522
52.21249
57.71724
72.2568
87.72519
79.04655
97.22487
219.4006
172.5617
127.2652
175.6359
253.8988
72.17399
80.35492
64.9547
81.95991
88.53146
103.6497
183.5288
105.3977
208.6832
265.4505
321.3519
268.8789
202.0888
27.54493
34.11229
45.44251
128.4896
81.69665
131.2554
122.2016
103.2265
139.5328
216.651
59.12066
56.19501
34.3215
189.0001
225.4897
219.2769
214.2009
358.9169
226.4576
343.5534
166.1058
40.44645
40.93194
35.60133
51.80904
60.99346
57.93642
94.93994
76.66254
128.5513
181.3251
142.3207
158.5576
183.5646
46.97873
66.62989
65.9603
37.59948
49.83402
119.3767
167.6905
137.4268
180.6469
242.4847
213.5188
209.1049
223.491
57.01342
43.78835
85.30596
69.1692
85.77581
111.1133
156.4968
228.4824
214.9665
250.5957
218.2166
435.1568
394.2204
59.06187
62.51823
71.70461
164.9788
180.807
193.5618
207.2673
240.1294
237.4005
302.4826
368.227
639.4392
545.034
41.07698
18.24531
37.29554
42.03993
48.06388
64.27817
71.79484
207.537
71.26299
134.047
190.051
171.5073
228.7414
26.55387
31.62018
29.97234
33.57652
34.40361
34.55685
30.34413
28.09065
40.11546
48.81151
74.45239
89.14337
132.5871
35.70163
40.92278
58.58019
68.84857
140.3796
165.8028
264.6331
343.7227
319.7404
467.3254
552.507
725.7726
772.8998
56.74152
64.78994
47.298
55.68793
72.03547
94.94051
113.8465
148.2352
186.259
279.5632
459.865
387.5063
430.7843
49.65609
45.52777
63.66314
48.47728
55.62685
84.98426
129.385
151.455
203.3047
240.7587
408.9118
385.7294
504.6519
