44.084601
23.279451
42.763548
143.481589
1133.090796
54.198548
51.215033
10.426697
172.291932
42.028173
16.010786
45.961471
147.652367
1119.828545
57.975735
45.186617
7.512503
162.583855
33.65923
4.669204
79.548169
174.839386
937.269718
86.988855
64.232239
11.837913
173.022723
2.914404
10.15858
10.590845
57.110603
716.518885
54.230239
72.203669
7.367977
9.818035
4.205081
14.218302
18.989213
54.16339
844.061576
54.791819
81.217048
6.656755
20.545809
4.84439
11.753939
13.892407
66.270611
796.099967
57.814954
89.100091
2.682993
30.113289
107.416664
23.761783
94.992714
21.375695
168.955002
28.143512
3.72135
63.553509
17.533042
3.967694
81.373993
31.356328
4.367017
67.448639
34.413624
14.826106
39.420382
41.298794
100.052545
600.287332
74.539243
94.0205
4.997432
121.007573
14.219696
109.925095
57.646674
11.266447
31.782037
35.977018
116.004423
591.477024
64.080184
85.273036
3.578401
108.453112
12.164658
90.946663
50.613647
12.891419
24.620406
36.70704
99.675019
719.332386
74.220916
106.640203
4.316406
108.425378
12.59796
110.264465
55.126612
2.914404
10.15858
10.590845
57.110603
716.518885
54.230239
72.203669
7.367977
9.818035
3.72135
63.553509
17.533042
4.205081
14.218302
18.989213
54.16339
844.061576
54.791819
81.217048
6.656755
20.545809
3.967694
81.373993
31.356328
4.84439
11.753939
13.892407
66.270611
796.099967
57.814954
89.100091
2.682993
30.113289
4.367017
67.448639
34.413624
2.39 
2.93 
2.34 
2.54 
2.34 
3.03 
2.90 
2.60 
2.10 
2.84 
2.81 
3.80 
3.62 
2.70 
4.40 
2.90 
1.81 
3.26 
2.62 
3.00 
3.39 
3.93 
2.34 
2.54 
2.34 
3.03 
2.98 
2.60 
3.10 
2.84 
2.71 
3.80 
3.62 
2.70 
2.20 
2.65 
2.74 
3.98 
2.99 
2.90 
2.29 
2.33 
2.14 
2.34 
1.34 
2.40 
2.30 
1.91 
2.70 
2.80 
3.31 
4.35 
5.12 
2.43 
2.13 
2.36 
2.14 
2.76 
2.69 
2.40 
2.29 
2.33 
2.14 
3.04 
2.34 
2.90 
1.90 
3.71 
1.70 
2.80 
5.21 
3.50 
5.12 
2.93 
2.63 
1.26 
2.84 
4.06 
4.19 
2.40 
4.03 
4.96 
10.96 
6.73 
11.72 
7.57 
5.37 
7.17 
7.70 
10.73 
6.03 
5.96 
10.96 
5.73 
13.72 
11.57 
7.37 
6.17 
5.70 
10.73 
85.34 
91.32 
89.81 
93.42 
90.80 
87.31 
91.62 
89.56 
91.04 
87.29 
89.28 
87.12 
88.94 
81.46 
88.27 
82.10 
89.28 
92.94 
79.50 
86.42 
0.00 
1.00 
2.18 
2.00 
4.66 
5.45 
6.11 
8.00 
10.25 
12.02 
2.13 
2.38 
5.29 
9.00 
9.41 
10.51 
10.00 
8.23 
8.00 
6.36 
3.11 
9.61 
7.20 
7.40 
6.20 
6.30 
17.54 
18.00 
15.89 
14.15 
31.02 
28.00 
33.24 
42.13 
39.71 
38.15 
36.44 
37.32 
35.52 
34.83 
2.39 
2.73 
2.34 
2.54 
2.34 
3.03 
2.90 
2.60 
2.70 
2.80 
3.81 
3.80 
3.52 
2.13 
4.03 
2.96 
2.24 
3.76 
2.62 
3.00 
44.20 
19.84 
25.51 
46.90 
29.80 
33.14 
26.99 
23.39 
39.39 
39.37 
65.61 
70.21 
51.87 
70.60 
76.63 
62.46 
47.41 
76.15 
79.37 
71.86 
