20.61035
20.864637
18.350325
17.301973
18.306158
16.070816
18.796879
21.484226
17.498436
15.565638
15.723895
18.23371
16.794813
16.062084
18.12124
16.93021
17.73638
15.655495
16.463707
17.622759
16.428024
20.37706
18.659348
16.13886
15.274834
17.604065
12.907788
19.55474
15.15661
16.126936
16.404383
20.488752
21.104177
18.472467
16.966354
18.335
16.233522
18.825428
21.194767
17.614159
15.412366
15.459237
17.957806
16.660423
16.262426
18.333397
17.144234
18.119963
15.799582
16.487099
17.724403
16.58068
20.360641
18.65527
15.838035
15.641692
18.102188
13.041166
19.978405
15.149812
16.26943
16.454689
19.910786
21.37665
18.369204
17.163546
18.1304
16.136274
18.231064
21.48937
17.203398
15.329457
15.232722
17.881723
17.085455
16.555204
17.577465
16.964008
18.317167
14.949332
16.345955
18.102432
16.666243
20.970083
19.356737
16.268635
15.735161
17.105906
12.681533
20.01249
14.336472
15.55531
15.776839
19.76869
21.381586
18.363556
17.392836
18.514017
15.888437
17.808393
21.523184
17.253979
14.999269
15.153155
18.266792
16.817297
16.57923
17.7565
17.517694
18.453276
15.523468
16.518688
18.209576
16.700346
20.820524
19.09489
16.51406
15.803932
17.428452
12.710294
20.310421
14.645729
15.48048
15.917888
