1.07
0.85
1.15
1.45
1.15
2.65
2.85
3.05
4.05
4.25
3.45
3.85
4.05
4.25
3.35
3.15
4.55
4.65
4.45
5.19
4.49
5.29
4.89
6.09
4.09
4.49
6.09
2.69
3.05
3.65
4.35
4.65
7.25
6.25
4.85
0.36
0.45
0.75
1.05
0.75
1.75
1.95
2.15
2.55
3.25
2.45
2.85
3.05
3.25
2.35
2.15
2.55
2.65
2.45
3.15
2.45
3.25
2.85
4.05
2.05
2.45
4.05
1.75
1.95
2.55
3.25
3.55
6.15
5.15
3.75
3.04
2.34
3.14
2.74
3.94
1.94
2.34
3.94
1.54
3.34
2.64
3.44
3.04
4.24
2.24
2.64
4.24
1.84
16.05
23.85
23.25
13.35
26.88
23.52
3.34
2.64
3.44
3.04
4.24
2.24
2.64
4.24
1.84
4.84
4.14
4.94
4.54
5.74
3.74
4.14
5.74
2.34
0.25
0.55
0.85
0.95
1.25
1.32
1.25
1.35
0.25
0.55
0.85
0.95
1.25
1.32
1.25
1.35
2.5
2.65
1.35
2.5
0.25
0.35
1.5
1.65
1.75
1.85
0.65
1.34
1.25
0.95
1.25
1.35
1.25
1.03
0.98
1.52
0.95
1.25
2.15
2.35
0.95
2.5
1.5
0.51
0.35
0.25
1.25
0.75
1.25
1.25
1.05
1.5
1.3
0.25
0.15
2.15
1.35
1.15
0.95
1.25
0.85
1.36
2.6
1.25
0.35
1.25
2.15
1.35
1.34
2.15
0.98
0.58
1.35
1.25
1.15
0.75
1.25
1.35
0.25
0.15
0.35
0.65
0.85
1.25
1.35
1.65
0.95
1.25
1.35
1.65
0.95
0.25
0.49
0.85
1.35
1.46
1.25
2.6
1.2
1.3
0.95
3.25
0.85
1.85
1.65
0.68
0.95
1.45
2.15
1.52
0.65
1.35
1.45
0.82
0.65
1.25
0.95
1.35
2.5
0.95
1.58
0.35
2.5
0.15
2.65
2.95
3.25
4.5
0.25
1.23
2.65
2.31
2.3
0.95
0.15
0.35
1.36
1.59
0.35
1.35
0.95
1.25
2.51
3.25
1.35
2.65
0.69
0.35
0.36
0.3
0.65
0.78
0.63
1.35
1.58
0.96
0.53
0.79
0.85
1.75
1.35
2.7
1.9
1.5
0.65
0.87
0.98
1.5
0.96
0.87
1.96
2.31
2.65
0.65
0.98
1.35
0.98
1.85
1.69
2.35
3.97
0.23
0.16
0.72
1.36
1.89
2.31
1.96
3.24
2.98
3.2
3.6
4.2
3.9
4.3
4.2
3.86
4.62
2.98
3.65
4.28
3.96
2.56
1.96
2.65
2.97
1.35
2.54
3.65
4.96
3.8
3.6
3.9
2.6
2.65
2.96
3.65
2.86
0.2
0.15
0.32
0.96
0.68
1.26
1.36
0.96
1.96
2.2
1.86
1.69
1.86
1.94
0.98
0.86
1.35
1.96
0.86
1.65
0.5
0.98
0.65
2.35
1.69
0.68
2.16
0.8
0.86
0.23
0.98
1.36
0.89
1.63
0.12
0.495
0.66
0.99
1.32
0.99
2.64
2.86
3.08
3.52
3.74
2.86
3.3
3.52
3.74
2.75
2.53
2.97
1.4
1.3
1.67
1.32
1.72
1.52
2.12
1.12
1.32
2.12
0.92
1.1
1.4
1.75
1.9
3.2
2.7
2
1.56
1.65
1.95
2.25
1.95
2.95
3.15
3.35
3.75
3.8
2.95
3.35
3.55
3.75
2.85
2.65
3.05
3.15
2.95
3.65
2.95
3.75
3.35
4.55
2.55
2.95
4.55
2.95
3.15
3.75
4.45
4.75
7.35
6.35
4.95
16.05
12.75
17.25
21.75
17.25
26.5
28.5
15.25
20.25
21.25
17.25
19.25
20.25
21.25
16.75
15.75
22.75
23.25
22.25
25.95
22.45
26.45
24.45
30.45
20.45
22.45
30.45
13.45
15.25
18.25
21.75
23.25
36.25
31.25
24.25
