1.22482062
0.30991379
0.63114439
0.91132113
1.22725894
0.35267597
0.30198255
0.70568627
0.45673077
0.7284773
0.8679218
0.54439804
0.44564108
0.73290166
0.99465558
1.10867483
0.56535105
0.78763979
0.36202621
0.80155243
0.69061414
0.99832903
0.51295009
0.49851412
0.47273601
0.63661054
0.36961233
0.32353441
0.35215331
0.6301119
0.59765547
0.63288478
0.57977601
0.80879151
0.51177973
0.77145723
0.63206488
0.56237271
0.4685508
0.48114366
0.7668871
0.86035869
0.61740707
0.43088533
0.40470455
0.51940479
0.95933546
0.38122555
0.49322493
0.97813604
0.6902496
0.72104172
0.62895928
0.70326378
0.99901526
0.558561
0.62227979
0.86803678
0.79284811
0.53920135
0.55485612
0.19840664
0.75218621
0.80337987
0.31940494
0.89860835
0.38105427
0.35351377
1.11832258
0.59239199
1.04311657
0.7378984
1.11971154
0.84874263
0.45623987
0.45765741
0.88079884
0.71512482
0.74730238
0.51508571
1.08944865
0.5233551
0.25055432
0.59234073
0.86720168
0.58906309
0.72990499
0.66971102
0.81529608
0.42878355
0.80019192
0.64466078
0.85187148
0.99210722
0.83955028
0.77882323
1.05831188
0.74759458
0.75369205
0.34371829
0.52898163
0.89973134
0.34681477
0.9367352
0.75168564
0.56110684
1.25160644
0.69338843
0.49768777
0.52647098
0.65976779
0.83846215
0.81615697
0.8172043
0.7842972
0.6818799
0.47761733
0.42831284
1.01861427
0.63086081
1.15747126
0.49044953
0.57049935
0.45107373
0.42654373
0.63451289
0.97816413
0.71833946
0.41264357
0.86650622
0.80589222
0.66361053
0.51709845
0.79566831
0.95016835
1.06922345
0.59542701
0.53938176
0.51163895
1.20700518
0.96124928
0.68594705
0.45537065
0.56875585
0.29856021
1.05444987
0.82386492
0.62932331
0.75060947
0.77291058
0.55976217
0.61204583
0.80439601
1.20770911
0.61204583
0.80439601
1.20770911
0.57039627
0.82338929
0.80821918
1.30798274
0.81945327
0.39314314
0.5431131
0.81210463
0.48306921
1.01972339
0.75671451
0.26312628
0.65505913
0.31501015
0.99941306
0.51140898
0.64221684
0.58195172
0.53206569
0.6590306
0.40729047
0.90628957
0.73999713
0.70824571
1.16614274
0.41060032
0.92988291
1.0671304
1.07090625
0.73349963
0.6079021
0.4435334
0.58496662
0.58054711
0.62792785
0.37782588
1.38235294
0.84375
0.95527157
0.84543326
1.15589888
1.04878049
0.8701464
1.01960784
1.04119403
0.91883614
1.05395683
1.27220395
1.18952618
1.02737226
0.83399209
1.02063274
0.70598439
0.78322785
0.74923858
0.95358306
1.39393939
0.90243902
1.05479452
1.14685315
0.90758294
1.08973253
1.07108434
1.0866426
